
======================================================================
     FOCUS: a platform for exploring FermiOniC qUantum Simulation     
   							               
       :!!!!!!!!!    ^!!!7!:      :!7!!~~!:!!!!!:  ~!!!. :!!!!7:      
       .^G@P^^~?BJ ~GG!::~Y#P^  ^P#?^:^7G@^:5&#~.  ^J#! 7P:.:?&5      
         5@Y  !J :~&@^     ?&@^^B@?     .?. ?&B     :P  5&J7~^~~      
         5@G!?BB  ?&&:     :B@??&@^         ?&B     :P  .?5GB##P^     
         5@Y  :!  ^B@J     !@#:^B@Y      ^: ?&#     ~P  JJ   .~@5     
       .~G@P^:     ^5#5~^^7GY:  ^5&P7~~!?J: :5&5!~~!Y^  Y&5!^^7G^     
       :~~~~~:       .~!!~^.      .~77!~.     :!7!~^    :::~!!^       
   							               
                    Authors: Zhendong Li @ BNU2019   		       
======================================================================

TIME = Wed Oct 16 22:25:18 2024

GIT_HASH = 44f2b016d44b6e2e79095599214366e17d114a5a

mpisize = 1 maxthreads = 1

input file = results/input.dat

schedule::read fname = results/input.dat
----------------------------------------------------------------------
dtype 0
sorb 12
nelec 6
twom 0
integral_file moleinfo/mole.info
scratch ./scratch

$ci
init_aufbau
init_seniority
checkms
nroots 10
schedule
0 1.e-5
end
maxiter 3
rdm 1 1
$end

$ctns
verbose 1
qkind rNSz
nroots 4
maxdets 100000
thresh_proj 1.e-15
thresh_ortho 1.e-8 
#topology_file topology/topo0
schedule
0 2 200 1.e-6 0.0
end
maxsweep 1
task_dmrg
alg_hvec 4
alg_renorm 4
$end

----------------------------------------------------------------------

===== schedule::print =====
scratch = ./scratch
dtype = 0
sorb  = 12
nelec = 6
twom  = 0
twos  = 0
integral_file = moleinfo/mole.info
perfcomm = 0

===== params_ci::print =====
nroots = 10
no. of unique seeds = 0
flip = 0
eps0 = 0.01
miniter = 0
maxiter = 3
schedule: iter eps1
0 1e-05
1 1e-05
2 1e-05
convergence parameters
deltaE = 1e-10
checkms = 1
cisolver = 1
maxcycle = 100
crit_v = 0.0001
ifpt2 = 0
eps2 = 1e-08
iroot = 1
jroot = 1
load = 0
ci_file = ci.info
cthrd = 0.1
ifanalysis = 0
rdm = 1
init_aufbau = 1
init_seniority = 1

===== params_ctns::print =====
qkind = rNSz
topology_file = 
verbose = 1
task_init = 0
task_sdiag = 0
task_ham = 1
task_opt = 1
task_oodmrg = 0
task_vmc = 0
task_expand = 0
task_tononsu2 = 0
task_prop = 
task_schmidt = 0
schmidt_file = svalues
restart_sweep = 0
restart_bond = 0
timestamp = 0
maxdets = 100000
thresh_proj = 1.000000e-15
thresh_ortho = 1.000000e-08
rdm_svd = 1.500000e+00
outprec = 12
nroots = 4
guess = 1
dbranch = 0
maxsweep = 1
maxbond = -1
schedule: isweep, dots, dcut, eps, noise
0 2 200 1.000000e-06 0.000000e+00
rcfprefix = 
alg_hvec = 4
alg_hinter = 0
alg_hcoper = 0
alg_renorm = 4
alg_rinter = 0
alg_rcoper = 0
alg_rdm = 1
alg_decim = 1
notrunc = 0
ifdist1 = 0
ifdistc = 0
save_formulae = 0
sort_formulae = 0
save_mmtask = 0
batchhvec = -1 -1 -1
batchrenorm = -1 -1 -1
batchmem = 1.000000e+01
cisolver = 1
maxcycle = 30
nbuff = 4
damping = 1.000000e-10
precond = 1
rcanon_file = 
rcanon2_file = 
iomode = 0
async_fetch = 0
async_save = 0
async_remove = 0
ifnccl = 0
iroot = 0
jroot = 0
nsample = 5000
nprt = 10
pthrd = -1.000000e-02
thresh_cabs = 1.100000e+00
tosu2 = 0
thresh_tosu2 = 1.000000e-08
singlet = 0
diagcheck = 0
savebin = 0
fromnosym = 0
oodmrg parameters:
 iprt=1
 maxiter=10
 dfac=2
 macroiter=5
 microiter=50
 alpha=5.000000e-01
 thrdopt=1.000000e-04
 thrdloc=1.000000e-06
 thrddwt=1.000000e+00
 thrdeps=1.000000e-08
 nptloc=2.000000e+01
 acceptall=0
 urot=
inputconf = 
saveconfs = 
loadconfs = 
debug_rdm = 0

io::create_scratch scratch=./scratch

ctns::topology::gen1d norb=6

ctns::topology::print ifmps=1 ntotal=6 nphysical=6 nbackbone=6
topo:
 i=0 : 0 
 i=1 : 1 
 i=2 : 2 
 i=3 : 3 
 i=4 : 4 
 i=5 : 5 
rcoord:
 idx=0 coord=(5,0) rindex=0 node: lindex=5 porb=5 type=0 center=(-1,-1) left=(4,0) right=(-2,-2)
 idx=1 coord=(4,0) rindex=1 node: lindex=4 porb=4 type=1 center=(-1,-1) left=(3,0) right=(5,0)
 idx=2 coord=(3,0) rindex=2 node: lindex=3 porb=3 type=1 center=(-1,-1) left=(2,0) right=(4,0)
 idx=3 coord=(2,0) rindex=3 node: lindex=2 porb=2 type=1 center=(-1,-1) left=(1,0) right=(3,0)
 idx=4 coord=(1,0) rindex=4 node: lindex=1 porb=1 type=1 center=(-1,-1) left=(0,0) right=(2,0)
 idx=5 coord=(0,0) rindex=5 node: lindex=0 porb=0 type=0 center=(-1,-1) left=(-2,-2) right=(1,0)
rsupport/lsupport:
 idx=0 coord=(5,0) rsupport: 5 ; lsupport: 0 1 2 3 4 
 idx=1 coord=(4,0) rsupport: 4 5 ; lsupport: 0 1 2 3 
 idx=2 coord=(3,0) rsupport: 3 4 5 ; lsupport: 0 1 2 
 idx=3 coord=(2,0) rsupport: 2 3 4 5 ; lsupport: 0 1 
 idx=4 coord=(1,0) rsupport: 1 2 3 4 5 ; lsupport: 0 
 idx=5 coord=(0,0) rsupport: 0 1 2 3 4 5 ; lsupport: 
corbs/rorbs/lorbs:
 idx=0 coord=(5,0) corbs: 5 ; rorbs: ; lorbs: 0 1 2 3 4 
 idx=1 coord=(4,0) corbs: 4 ; rorbs: 5 ; lorbs: 0 1 2 3 
 idx=2 coord=(3,0) corbs: 3 ; rorbs: 4 5 ; lorbs: 0 1 2 
 idx=3 coord=(2,0) corbs: 2 ; rorbs: 3 4 5 ; lorbs: 0 1 
 idx=4 coord=(1,0) corbs: 1 ; rorbs: 2 3 4 5 ; lorbs: 0 
 idx=5 coord=(0,0) corbs: 0 ; rorbs: 1 2 3 4 5 ; lorbs: 
image2:
 0 1 2 3 4 5 6 7 8 9 10 11

fci::ci_load fname=./scratch/ci.info

ctns::rcanon_init qkind=qNSz
Intel MKL WARNING: Support of Intel(R) Streaming SIMD Extensions 4.2 (Intel(R) SSE4.2) enabled only processors has been deprecated. Intel oneAPI Math Kernel Library 2025.0 will require Intel(R) Advanced Vector Extensions (Intel(R) AVX) instructions.

fci::ci_truncate ciconfs=400 maxdets=100000 ifortho=1
 iroot=0 <CI[trunc]|CI>=1.000000000000e+00
 iroot=1 <CI[trunc]|CI>=1.000000000000e+00
 iroot=2 <CI[trunc]|CI>=1.000000000000e+00
 iroot=3 <CI[trunc]|CI>=1.000000000000e+00
 iroot=4 <CI[trunc]|CI>=1.000000000000e+00
 iroot=5 <CI[trunc]|CI>=1.000000000000e+00
 iroot=6 <CI[trunc]|CI>=1.000000000000e+00
 iroot=7 <CI[trunc]|CI>=1.000000000000e+00
 iroot=8 <CI[trunc]|CI>=1.000000000000e+00
 iroot=9 <CI[trunc]|CI>=1.000000000000e+00

ctns::init_rbases rdm_svd=1.500e+00 thresh_proj=1.000e-15

idx=0 node=(5,0) type=0 rsupport=5 

idx=1 node=(4,0) type=1 rsupport=4 5 
ctns::right_projection<Qm,Tm> thresh_proj=1.000e-15
 dim(space,lspace,rspace)=400,196,16 dimBc=16 1-popBc=0.000e+00 SvN=2.600e+00
----- TIMING FOR ctns::right_projection<Qm,Tm> : 5.538e-03 S -----

idx=2 node=(3,0) type=1 rsupport=3 4 5 
ctns::right_projection<Qm,Tm> thresh_proj=1.000e-15
 dim(space,lspace,rspace)=400,64,64 dimBc=64 1-popBc=2.220e-16 SvN=3.333e+00
----- TIMING FOR ctns::right_projection<Qm,Tm> : 4.113e-03 S -----

idx=3 node=(2,0) type=1 rsupport=2 3 4 5 
ctns::right_projection<Qm,Tm> thresh_proj=1.000e-15
 dim(space,lspace,rspace)=400,16,196 dimBc=156 1-popBc=2.220e-16 SvN=3.778e+00
----- TIMING FOR ctns::right_projection<Qm,Tm> : 9.584e-03 S -----

idx=4 node=(1,0) type=1 rsupport=1 2 3 4 5 
ctns::right_projection<Qm,Tm> thresh_proj=1.000e-15
 dim(space,lspace,rspace)=400,4,400 dimBc=40 1-popBc=0.000e+00 SvN=3.403e+00
----- TIMING FOR ctns::right_projection<Qm,Tm> : 4.221e-03 S -----

idx=5 node=(0,0) type=0 rsupport=0 1 2 3 4 5 
ctns::right_projection<Qm,Tm> thresh_proj=1.000e-15
 dim(space,lspace,rspace)=400,1,400 dimBc=10 1-popBc=-2.220e-16 SvN=2.303e+00
----- TIMING FOR ctns::right_projection<Qm,Tm> : 1.500e-03 S -----

generated rbases with thresh_proj=1e-15
 idx=0 node=(5,0) type=0 shape=4,4 1-popBc=0.000e+00
 idx=1 node=(4,0) type=1 shape=16,16 1-popBc=0.000e+00
 idx=2 node=(3,0) type=1 shape=64,64 1-popBc=2.220e-16
 idx=3 node=(2,0) type=1 shape=196,156 1-popBc=2.220e-16
 idx=4 node=(1,0) type=1 shape=400,40 1-popBc=0.000e+00
 idx=5 node=(0,0) type=0 shape=400,10 1-popBc=-2.220e-16
maximum bond dimension = 156
----- TIMING FOR ctns::init_rbases : 2.717e-02 S -----

ctns::init_rsites qkind=qNSz thresh_ortho=1e-08
 idx=0 node=(5,0)[0] shape(l,r,c)=(4,1,4) maxdiff=0.000e+00 deviate=0 TIMING=5.500e-05 S
 idx=1 node=(4,0)[1] shape(l,r,c)=(16,4,4) maxdiff=9.588e-16 deviate=0 TIMING=9.000e-05 S
 idx=2 node=(3,0)[1] shape(l,r,c)=(64,16,4) maxdiff=3.401e-15 deviate=0 TIMING=1.720e-04 S
 idx=3 node=(2,0)[1] shape(l,r,c)=(156,64,4) maxdiff=1.036e-14 deviate=0 TIMING=4.610e-04 S
 idx=4 node=(1,0)[1] shape(l,r,c)=(40,156,4) maxdiff=4.706e-15 deviate=0 TIMING=7.240e-04 S
 idx=5 node=(0,0)[0] shape(l,r,c)=(10,40,4) maxdiff=3.515e-15 deviate=0 TIMING=6.700e-04 S
----- TIMING FOR ctns::init_rsites : 3.621e-03 S -----

ctns::init_rwfuns qkind=qNSz thresh_ortho=1e-08
qtensor2: wf2 own=1 _data=0x7fb5da11c380
qinfo2: wf2 sym=(0,0) dir=0,1
 qbond: qrow nsym=1 dimAll=10
 (6,0):10
 qbond: qcol nsym=1 dimAll=10
 (6,0):10
total no. of nonzero blocks=1 nblocks=1 size=100:0.000763MB

check state overlaps ...
matrix: ova_rwfuns size=(10,10)
      1.0000e+00      -7.8395e-17       4.9581e-17      -1.0259e-16      -7.2651e-22       2.7884e-16       3.1253e-17      -5.5149e-16      -5.8147e-17       9.3764e-19 
     -7.8395e-17       1.0000e+00      -3.0531e-16       7.6328e-17       6.9389e-18       2.2204e-16      -5.7246e-17       1.6653e-16       3.2613e-16       9.3675e-17 
      4.9581e-17      -3.0531e-16       1.0000e+00      -4.0939e-16       7.4593e-17      -6.9389e-16      -3.0358e-18      -3.0531e-16      -1.9776e-16      -7.6328e-17 
     -1.0259e-16       7.6328e-17      -4.0939e-16       1.0000e+00      -4.5970e-17      -3.4694e-17       1.0029e-16       2.7062e-16      -9.7145e-17      -3.1398e-16 
     -7.2651e-22       6.9389e-18       7.4593e-17      -4.5970e-17       1.0000e+00      -2.1511e-16      -1.2989e-16      -3.1919e-16       1.1839e-16      -9.9313e-17 
      2.7884e-16       2.2204e-16      -6.9389e-16      -3.4694e-17      -2.1511e-16       1.0000e+00       4.1633e-17      -5.5511e-17       2.3939e-16       8.6736e-17 
      3.1253e-17      -5.7246e-17      -3.0358e-18       1.0029e-16      -1.2989e-16       4.1633e-17       1.0000e+00       6.9389e-18       2.2410e-16       9.2916e-17 
     -5.5149e-16       1.6653e-16      -3.0531e-16       2.7062e-16      -3.1919e-16      -5.5511e-17       6.9389e-18       1.0000e+00      -7.2858e-17       4.1633e-17 
     -5.8147e-17       3.2613e-16      -1.9776e-16      -9.7145e-17       1.1839e-16       2.3939e-16       2.2410e-16      -7.2858e-17       1.0000e+00       1.0929e-16 
      9.3764e-19       9.3675e-17      -7.6328e-17      -3.1398e-16      -9.9313e-17       8.6736e-17       9.2916e-17       4.1633e-17       1.0929e-16       1.0000e+00 
matrix: ova0_vs size=(10,10)
      1.0000e+00      -3.3307e-16      -1.3878e-17       0.0000e+00      -4.1633e-17       8.3267e-17      -4.3368e-19       6.9389e-17      -2.0817e-17      -2.0817e-17 
     -3.3307e-16       1.0000e+00       6.9389e-18      -3.4694e-17       0.0000e+00      -1.8041e-16       0.0000e+00      -5.5511e-17      -1.7347e-18       1.7347e-18 
     -1.3878e-17       6.9389e-18       1.0000e+00      -5.2042e-18       6.9389e-18      -6.9389e-17       4.8572e-17      -2.0817e-17       2.0817e-17      -1.0408e-17 
      0.0000e+00      -3.4694e-17      -5.2042e-18       1.0000e+00       3.4694e-17       4.1633e-17      -3.1225e-17       5.2042e-17       1.2143e-17       6.9389e-18 
     -4.1633e-17       0.0000e+00       6.9389e-18       3.4694e-17       1.0000e+00       1.3878e-17      -2.6021e-18      -1.3878e-17       4.8572e-17       1.0408e-17 
      8.3267e-17      -1.8041e-16      -6.9389e-17       4.1633e-17       1.3878e-17       1.0000e+00      -2.2551e-17       4.1633e-17       6.2450e-17       3.4694e-18 
     -4.3368e-19       0.0000e+00       4.8572e-17      -3.1225e-17      -2.6021e-18      -2.2551e-17       1.0000e+00       6.9389e-18       3.4694e-18       6.2450e-17 
      6.9389e-17      -5.5511e-17      -2.0817e-17       5.2042e-17      -1.3878e-17       4.1633e-17       6.9389e-18       1.0000e+00      -1.3878e-17       6.9389e-18 
     -2.0817e-17      -1.7347e-18       2.0817e-17       1.2143e-17       4.8572e-17       6.2450e-17       3.4694e-18      -1.3878e-17       1.0000e+00       5.8981e-17 
     -2.0817e-17       1.7347e-18      -1.0408e-17       6.9389e-18       1.0408e-17       3.4694e-18       6.2450e-17       6.9389e-18       5.8981e-17       1.0000e+00 
diff of ova matrices = 4.098e-15
----- TIMING FOR ctns::init_rwfuns : 1.923e-03 S -----

ctns::init_rcanon thresh_ortho=1e-08

ctns::rcanon_CIovlp ifab=1 reorder=1 cistates=10 ciconfs=400
matrix: <CI|CTNS[0]> size=(10,10)
      1.0000e+00      -2.6368e-16      -2.9317e-16       2.8276e-16       1.6133e-16       4.2674e-16       9.9747e-18      -8.1532e-17      -1.2403e-16      -1.6480e-17 
     -5.9674e-16       1.0000e+00      -4.3737e-16       3.5302e-16       4.5623e-16       4.9093e-16      -1.0430e-16       6.5919e-16       1.4637e-16       3.4348e-16 
     -2.8319e-16      -3.2569e-16       1.0000e+00      -7.5894e-16       1.3992e-16      -4.2501e-16       1.9776e-16      -4.0159e-16       2.1207e-16      -1.7347e-17 
      3.5909e-16       1.2685e-16      -6.5573e-16       1.0000e+00       5.6205e-16      -3.4694e-17       3.1691e-16       3.7470e-16      -1.5179e-18       5.2042e-17 
      1.3531e-16       5.1088e-16       2.1814e-16       5.2042e-17       1.0000e+00      -5.0220e-16      -8.6628e-17      -2.8103e-16       6.3751e-17       2.6715e-16 
      2.8449e-16       6.9389e-17      -5.3473e-16       1.1102e-16      -2.5500e-16       1.0000e+00       6.4618e-17      -7.9797e-17       2.0947e-16       4.4062e-16 
     -1.8431e-17      -7.8117e-17       2.7409e-16       1.6437e-16      -1.0712e-16       2.8623e-17       1.0000e+00      -3.6646e-17       8.2399e-17      -3.6614e-16 
     -1.1102e-16       4.8225e-16      -4.9266e-16       2.9100e-16      -2.3245e-16      -1.7694e-16      -4.5536e-17       1.0000e+00      -2.1207e-16       2.0513e-16 
     -8.1315e-17       2.5219e-16      -2.7625e-16       7.1991e-17       1.4962e-16       7.3292e-17       5.5511e-17      -1.6632e-16       1.0000e+00       2.9490e-16 
      6.1800e-17       3.0184e-16       2.3592e-16      -1.7694e-16      -3.1225e-17       4.6491e-16      -2.2085e-16       2.9751e-16       2.7062e-16       1.0000e+00 

matrix: <CTNS[0]|CTNS[0]> size=(10,10)
      1.0000e+00      -7.7108e-16      -5.4989e-16       3.9357e-16       3.2244e-16       5.8460e-16       4.6038e-17      -5.7853e-16      -2.1961e-16      -4.1525e-17 
     -7.3899e-16       1.0000e+00      -7.1766e-16       5.5967e-16       9.0336e-16       5.3950e-16      -1.3798e-16       1.0625e-15       3.7508e-16       5.6812e-16 
     -5.7594e-16      -7.5049e-16       1.0000e+00      -1.4095e-15       3.1742e-16      -8.7444e-16       5.4044e-16      -9.3616e-16      -5.4336e-17       1.9972e-16 
      3.9031e-16       5.4926e-16      -1.3494e-15       1.0000e+00       5.3375e-16       0.0000e+00       4.3046e-16       6.8522e-16      -5.9631e-17      -3.2808e-16 
      3.7101e-16       8.9165e-16       3.5203e-16       5.2573e-16       1.0000e+00      -6.9259e-16      -2.1940e-16      -4.4387e-16       2.3679e-16       1.0566e-16 
      6.5442e-16       5.9588e-16      -8.6813e-16      -5.6704e-17      -6.8110e-16       1.0000e+00       1.6024e-16      -4.9353e-16       1.4498e-16       9.8386e-16 
      3.2960e-17      -1.6103e-16       4.2794e-16       4.6137e-16      -1.9791e-16       8.8518e-17       1.0000e+00       1.0815e-17       1.4996e-16      -6.5922e-16 
     -3.9118e-16       1.2264e-15      -8.9286e-16       6.9779e-16      -4.8030e-16      -5.7658e-16       3.5779e-18       1.0000e+00      -3.4407e-16       4.3834e-16 
     -2.2183e-16       3.2401e-16      -2.8319e-17      -4.8789e-17       2.7205e-16       9.5247e-17       1.1676e-16      -3.4722e-16       1.0000e+00       3.9768e-16 
     -3.0141e-17       5.8872e-16       2.9382e-16      -3.1447e-16       1.3357e-16       9.6819e-16      -6.8973e-16       4.4691e-16       4.5136e-16       1.0000e+00 

rcanon::rcanon_canonicalize ifortho=1 ifab=1 nroots=10 dmax=156
----- TIMING FOR ctns::rcanon_canonicalize : 5.800e-02 S -----

matrix: <CTNS[new]|CTNS[new]> size=(10,10)
      1.0000e+00      -5.4297e-16      -8.0497e-16      -2.2920e-16       2.8493e-16       3.6429e-16      -8.7278e-18      -3.3220e-16      -1.9662e-16      -2.4579e-16 
     -6.2797e-16       1.0000e+00       2.0125e-16      -2.9317e-16      -1.9429e-16      -3.8554e-16      -2.7254e-17       5.9328e-16      -3.1355e-16      -3.0423e-16 
     -7.6891e-16       2.1023e-16       1.0000e+00      -1.3196e-16       1.9130e-16      -2.2599e-18       1.3663e-16      -7.8582e-16      -2.9871e-16       4.1176e-16 
     -1.9386e-16      -3.4348e-16      -1.3452e-16       1.0000e+00       2.3137e-16      -5.3256e-16      -1.6880e-16       2.1402e-16      -4.2209e-16       2.5392e-16 
      2.2530e-16      -1.8648e-16       1.4933e-16       2.2139e-16       1.0000e+00       5.2692e-17      -1.4980e-16      -1.6849e-16      -2.5324e-16       4.6279e-16 
      3.4348e-16      -3.5518e-16       2.2765e-17      -5.9620e-16       6.0390e-17       1.0000e+00      -1.5076e-16      -1.1384e-16      -2.4687e-16       3.1339e-16 
     -3.1726e-17      -5.6189e-17       1.5266e-16      -1.6529e-16      -1.5055e-16      -1.1075e-16       1.0000e+00      -6.4808e-17       5.6150e-17       4.1251e-17 
     -2.3679e-16       6.2884e-16      -7.7287e-16       1.4160e-16      -2.5674e-16      -1.7759e-16      -1.0388e-16       1.0000e+00      -1.4669e-16      -9.2591e-17 
     -1.6643e-16      -3.0900e-16      -2.9556e-16      -4.1491e-16      -2.5799e-16      -2.2069e-16       2.2521e-17      -1.8101e-16       1.0000e+00       2.3920e-17 
     -2.0697e-16      -2.8124e-16       4.6270e-16       3.4944e-16       4.7531e-16       3.4049e-16       9.5728e-17      -9.2266e-17       2.9002e-18       1.0000e+00 

matrix: <CTNS[0]|CTNS[new]> size=(10,10)
      1.0000e+00      -1.4390e-15      -4.6971e-16       6.7459e-16      -7.0473e-17       1.5266e-16       1.0570e-15      -4.2501e-16      -1.6751e-17       3.0097e-16 
     -1.6480e-17       1.0000e+00      -2.5664e-16       8.0231e-17       8.0448e-16       5.1781e-16      -2.1718e-16       7.4680e-16       5.2042e-18      -5.0524e-16 
     -8.5450e-16      -2.6860e-16       1.0000e+00      -1.3888e-15       2.7942e-16      -3.5260e-16       8.7593e-16      -1.4413e-15       7.2952e-16       3.5161e-16 
     -4.9093e-16       1.8540e-16      -1.6927e-16       1.0000e+00       1.3129e-15      -1.6426e-16      -3.3326e-17      -5.6379e-17      -2.4880e-16       9.0043e-16 
      7.2576e-16      -8.5001e-17       1.9961e-16      -4.6642e-16       1.0000e+00      -5.2584e-16      -3.7240e-16      -5.0394e-16       3.1523e-17       3.6977e-16 
      7.9450e-16      -3.6863e-16      -5.1784e-16      -4.9266e-16      -6.9064e-17       1.0000e+00       2.7941e-16      -4.4778e-16      -4.1663e-16       7.4149e-16 
     -1.0358e-15       3.7988e-17      -1.9700e-16       4.1762e-16      -5.2096e-17      -2.6054e-16       1.0000e+00      -4.2803e-16       1.9522e-17       5.3726e-17 
     -3.0097e-16       9.3328e-16      -2.3400e-16       1.0135e-15      -1.6849e-16      -1.5678e-16       2.6766e-16       1.0000e+00       1.9380e-16       1.9299e-16 
     -4.1021e-16       1.4165e-16      -1.0581e-15      -1.8986e-16       7.3997e-17       3.9828e-16       2.3815e-16      -6.9259e-16       1.0000e+00       2.2294e-18 
     -4.8995e-16       8.9360e-16       3.6108e-16      -6.8538e-16       3.5638e-16       7.0484e-16      -6.1616e-16       1.9570e-16       5.8729e-16       1.0000e+00 

ctns::rcanon_CIovlp ifab=1 reorder=1 cistates=10 ciconfs=400
matrix: <CI|CTNS[new]> size=(10,10)
      1.0000e+00      -9.9920e-16      -2.4156e-16       4.7878e-16      -2.1337e-16      -5.2042e-17       1.0192e-15       2.0817e-17       6.3751e-17       3.2027e-16 
      1.0408e-16       1.0000e+00       8.2399e-17      -8.4568e-17       3.0358e-16       3.7990e-16      -1.0853e-16       1.1102e-16      -2.2616e-16      -8.4828e-16 
     -5.5208e-16       1.7174e-16       1.0000e+00      -7.3119e-16       1.2766e-16       9.2808e-17       6.5226e-16      -9.2981e-16       1.0482e-15       2.3245e-16 
     -8.0838e-16      -2.2356e-16       5.4123e-16       1.0000e+00       1.2421e-15      -1.2837e-16      -2.3506e-16      -3.4434e-16      -3.4781e-16       1.1154e-15 
      5.9328e-16      -3.7470e-16       1.6317e-17      -9.2634e-16       1.0000e+00      -3.6863e-16      -2.5078e-16      -1.9776e-16      -2.1511e-16       3.5388e-16 
      4.3715e-16      -8.0491e-16      -1.2403e-16      -2.9837e-16       3.9118e-16       1.0000e+00       2.7929e-16      -2.0123e-16      -3.9075e-16       1.6653e-16 
     -1.0634e-15       1.2186e-16      -2.7756e-16       3.4478e-17       8.5110e-17      -4.0983e-16       1.0000e+00      -4.2175e-16      -1.5266e-16       4.3379e-16 
     -2.1858e-16       4.6491e-16       1.9342e-16       6.0932e-16       9.0206e-17       1.4572e-16       3.0423e-16       1.0000e+00       3.0726e-16      -1.4572e-16 
     -2.5435e-16      -3.4044e-17      -1.2820e-15       2.9490e-17       5.4210e-17       2.7235e-16       1.7868e-16      -5.0350e-16       1.0000e+00      -2.2204e-16 
     -5.5273e-16       5.6552e-16       2.2898e-16      -8.5175e-16       5.5511e-17       1.6306e-16      -1.7542e-16       5.3776e-17       2.5327e-16       1.0000e+00 

ctns::rcanon_check thresh_ortho=1.000e-08
 idx=0 node=(5,0) Drow=4 maxdiff=0.000e+00 deviate=0
 idx=1 node=(4,0) Drow=16 maxdiff=1.226e-15 deviate=0
 idx=2 node=(3,0) Drow=64 maxdiff=2.773e-15 deviate=0
 idx=3 node=(2,0) Drow=156 maxdiff=8.490e-15 deviate=0
 idx=4 node=(1,0) Drow=40 maxdiff=3.409e-15 deviate=0
 idx=5 node=(0,0) Drow=10 maxdiff=1.794e-15 deviate=0
qtensor2: wf2 own=1 _data=0x7fb5da11eca0
qinfo2: wf2 sym=(0,0) dir=0,1
 qbond: qrow nsym=1 dimAll=10
 (6,0):10
 qbond: qcol nsym=1 dimAll=10
 (6,0):10
total no. of nonzero blocks=1 nblocks=1 size=100:7.629e-04MB
i=0 idx=0 block[0:(6,0),0:(6,0)] dim0,dim1=(10,10) size=100
 dtensor2: blk_0 size=(10,10) _data=0x7fb5da11eca0
      0.0000e+00      -9.8966e-16       1.3878e-16      -3.6082e-16       1.1172e-15      -7.2858e-17      -8.5348e-16      -1.0000e+00       3.6342e-16       1.1102e-16 
     -1.9612e-01      -4.9030e-01      -2.4875e-01      -7.7094e-01       5.0802e-02       1.9581e-01       8.3597e-02       9.0900e-16       1.3024e-01       6.8909e-03 
      9.2040e-01      -2.5183e-01      -6.5957e-04      -6.9011e-02      -7.8092e-02       1.4944e-01      -2.3673e-01       6.6613e-16      -1.4238e-02       2.8564e-03 
     -1.2197e-01      -1.3770e-01      -2.2998e-01       2.1682e-01      -3.7456e-01       4.9301e-01       8.1623e-02      -6.6613e-16      -5.2883e-01       4.4338e-01 
     -1.3020e-01      -2.8374e-01       2.6530e-01       3.6611e-01      -4.0577e-02       5.1709e-01      -1.1341e-02       3.5388e-16       6.5490e-01       8.5922e-03 
     -1.8024e-02       5.4474e-03       8.7758e-01      -2.8216e-01       1.0646e-01       1.3376e-01       7.3182e-02       1.1102e-16      -2.9887e-01       1.6117e-01 
      8.9862e-02       7.0330e-01      -3.5042e-02      -3.4627e-01      -3.9738e-01       3.8976e-01       6.5519e-02      -1.0686e-15       2.0105e-01      -1.4707e-01 
     -1.9951e-01       6.1819e-02       5.0879e-02      -1.2520e-01      -2.0110e-01      -1.6191e-01      -8.4441e-01       4.4409e-16       1.3233e-01       3.7537e-01 
     -1.8481e-01      -1.8812e-01       8.2520e-02       6.6556e-02      -2.1413e-01       1.6230e-01      -3.5479e-01       0.0000e+00      -3.2615e-01      -7.8408e-01 
      1.4530e-02      -2.5071e-01       1.8458e-01      -1.4732e-02      -7.7061e-01      -4.5445e-01       2.8569e-01      -4.7184e-16       1.4372e-01       2.2321e-03 
check wf2*wf2.H():
 rwfuns: nroots=10 maxdiff=1.6216e-15 deviate=0
----- TIMING FOR ctns::rcanon_check : 4.000e-04 S -----
----- TIMING FOR ctns::rcanon_init : 1.904e-01 S -----

ctns::rcanon_save fname=./scratch/rcanon_ci

ctns::rcanon_check thresh_ortho=1.000e-08
 idx=0 node=(5,0) Drow=4 maxdiff=0.000e+00 deviate=0
 idx=1 node=(4,0) Drow=16 maxdiff=1.226e-15 deviate=0
 idx=2 node=(3,0) Drow=64 maxdiff=2.773e-15 deviate=0
 idx=3 node=(2,0) Drow=156 maxdiff=8.490e-15 deviate=0
 idx=4 node=(1,0) Drow=40 maxdiff=3.409e-15 deviate=0
 idx=5 node=(0,0) Drow=10 maxdiff=1.794e-15 deviate=0
qtensor2: wf2 own=1 _data=0x7fb5da11e1a0
qinfo2: wf2 sym=(0,0) dir=0,1
 qbond: qrow nsym=1 dimAll=10
 (6,0):10
 qbond: qcol nsym=1 dimAll=10
 (6,0):10
total no. of nonzero blocks=1 nblocks=1 size=100:7.629e-04MB
i=0 idx=0 block[0:(6,0),0:(6,0)] dim0,dim1=(10,10) size=100
 dtensor2: blk_0 size=(10,10) _data=0x7fb5da11e1a0
      0.0000e+00      -9.8966e-16       1.3878e-16      -3.6082e-16       1.1172e-15      -7.2858e-17      -8.5348e-16      -1.0000e+00       3.6342e-16       1.1102e-16 
     -1.9612e-01      -4.9030e-01      -2.4875e-01      -7.7094e-01       5.0802e-02       1.9581e-01       8.3597e-02       9.0900e-16       1.3024e-01       6.8909e-03 
      9.2040e-01      -2.5183e-01      -6.5957e-04      -6.9011e-02      -7.8092e-02       1.4944e-01      -2.3673e-01       6.6613e-16      -1.4238e-02       2.8564e-03 
     -1.2197e-01      -1.3770e-01      -2.2998e-01       2.1682e-01      -3.7456e-01       4.9301e-01       8.1623e-02      -6.6613e-16      -5.2883e-01       4.4338e-01 
     -1.3020e-01      -2.8374e-01       2.6530e-01       3.6611e-01      -4.0577e-02       5.1709e-01      -1.1341e-02       3.5388e-16       6.5490e-01       8.5922e-03 
     -1.8024e-02       5.4474e-03       8.7758e-01      -2.8216e-01       1.0646e-01       1.3376e-01       7.3182e-02       1.1102e-16      -2.9887e-01       1.6117e-01 
      8.9862e-02       7.0330e-01      -3.5042e-02      -3.4627e-01      -3.9738e-01       3.8976e-01       6.5519e-02      -1.0686e-15       2.0105e-01      -1.4707e-01 
     -1.9951e-01       6.1819e-02       5.0879e-02      -1.2520e-01      -2.0110e-01      -1.6191e-01      -8.4441e-01       4.4409e-16       1.3233e-01       3.7537e-01 
     -1.8481e-01      -1.8812e-01       8.2520e-02       6.6556e-02      -2.1413e-01       1.6230e-01      -3.5479e-01       0.0000e+00      -3.2615e-01      -7.8408e-01 
      1.4530e-02      -2.5071e-01       1.8458e-01      -1.4732e-02      -7.7061e-01      -4.5445e-01       2.8569e-01      -4.7184e-16       1.4372e-01       2.2321e-03 
check wf2*wf2.H():
 rwfuns: nroots=10 maxdiff=1.6216e-15 deviate=0
----- TIMING FOR ctns::rcanon_check : 2.350e-04 S -----

integral::load fname = moleinfo/mole.info
 sorb = 12
 size(int1e) = 144:0.0011MB:1.07e-06GB
 size(int2e) = 2277:0.0174MB:1.7e-05GB
 ecore = 2.301920867502
----- TIMING FOR integral::load : 8.680e-04 S -----

io::remove_scratch scratch=./scratch/sweep
successfully removed ./scratch/sweep

io::create_scratch scratch=./scratch/sweep
successfully created ./scratch/sweep

ctns::oper_env_right qkind=qNSz
ctns::oper_save iomode=0 fname=./scratch/sweep/cop(5,0) size=0.00159MB:1.55e-06GB
fname=./scratch/sweep/cop(5,0) size=1.55e-06GB T[save](info/data/tot)=0.000114,5.6e-05,0.00017 speed=0.00912GB/s disk[used]=1.78e-06GB
ctns::oper_save iomode=0 fname=./scratch/sweep/rop(5,0) size=0.00159MB:1.55e-06GB
fname=./scratch/sweep/rop(5,0) size=1.55e-06GB T[save](info/data/tot)=7.4e-05,5.3e-05,0.000127 speed=0.0122GB/s disk[used]=3.56e-06GB
ctns::oper_save iomode=0 fname=./scratch/sweep/cop(4,0) size=0.00159MB:1.55e-06GB
fname=./scratch/sweep/cop(4,0) size=1.55e-06GB T[save](info/data/tot)=6.1e-05,5.5e-05,0.000116 speed=0.0134GB/s disk[used]=5.34e-06GB
ctns::oper_save iomode=0 fname=./scratch/sweep/cop(3,0) size=0.00159MB:1.55e-06GB
fname=./scratch/sweep/cop(3,0) size=1.55e-06GB T[save](info/data/tot)=5.7e-05,5e-05,0.000107 speed=0.0145GB/s disk[used]=7.12e-06GB
ctns::oper_save iomode=0 fname=./scratch/sweep/cop(2,0) size=0.00159MB:1.55e-06GB
fname=./scratch/sweep/cop(2,0) size=1.55e-06GB T[save](info/data/tot)=7.1e-05,5.1e-05,0.000122 speed=0.0127GB/s disk[used]=8.9e-06GB
ctns::oper_save iomode=0 fname=./scratch/sweep/cop(1,0) size=0.00159MB:1.55e-06GB
fname=./scratch/sweep/cop(1,0) size=1.55e-06GB T[save](info/data/tot)=5.5e-05,5.1e-05,0.000106 speed=0.0146GB/s disk[used]=1.07e-05GB
ctns::oper_save iomode=0 fname=./scratch/sweep/cop(0,0) size=0.00159MB:1.55e-06GB
fname=./scratch/sweep/cop(0,0) size=1.55e-06GB T[save](info/data/tot)=5.5e-05,4.7e-05,0.000102 speed=0.0152GB/s disk[used]=1.25e-05GB
----- TIMING FOR ctns::oper_init_dotCR : 5.298e-03 S -----
T[ctns::oper_init_dotCR](comp/save/tot)=0.00393,0.00114,0.00507

idx=1 coord=(4,0)
 cqops: oplist=CABPQSH nops=C:2 A:1 B:3 P:45 Q:55 S:10 H:1 
        dim(bra,ket)=4,4 size(op)=4:3.05e-05MB size(tot)=208:0.00159MB:1.55e-06GB
 rqops: oplist=CABPQSH nops=C:2 A:1 B:3 P:45 Q:55 S:10 H:1 
        dim(bra,ket)=4,4 size(op)=4:3.05e-05MB size(tot)=208:0.00159MB:1.55e-06GB
ctns::oper_renorm coord=(4,0) superblock=cr ifab=1 isym=2 ifkr=0 alg_renorm=4 mpisize=1 maxthreads=1
 qops: oplist=CABPQSH nops=C:4 A:6 B:10 P:28 Q:36 S:8 H:1 
        dim(bra,ket)=16,16 size(op)=36:0.000275MB size(tot)=1984:0.0151MB:1.48e-05GB
CPUmem: VM:0.000e+00GB RSS:0.000e+00GB  Timing: User:4.719e-01S Sys:3.086e-02S Total:5.027e-01S
----- TIMING FOR symbolic_formulae_renorm with size=93 : 1.667e-03 S -----
rintermediates<ifab,Tm>::init_omp maxthreads=1
 no. of formulae=93
 no. of rintermediate operators=0
 size of rintermediate operators=0:0MB:0GB
----- TIMING FOR preprocess_formulae_Rlist2 : 0.00242 S size(rtasks)=93 size(Rlst2)=81 T(Rmu/Rlist)=0.000584,0.00183 -----
----- TIMING FOR preprocess_formulae_Rlist : 0.00267 S size(rtasks)=93 size(Rlst)=2148 -----
preprocess for renorm: size=1984 blksize=16 worktot=2016:0.0154MB:1.5e-05GB
check ||H-H.dagger||=2.344e-16 coord=(4,0) rank=0
----- TIMING FOR oper_renorm : 0.00693 S rank=0 -----
##### local oper_env: 8.752e-03 S #####
 T(local oper_env: fetch) = 1.210e-03 S  per = 13.8  per(accum) = 13.8
 T(local oper_env: hdiag) = 0.000e+00 S  per =    0  per(accum) = 13.8
 T(local oper_env: dvdsn) = 0.000e+00 S  per =    0  per(accum) = 13.8
 T(local oper_env: decim) = 0.000e+00 S  per =    0  per(accum) = 13.8
 T(local oper_env: guess) = 0.000e+00 S  per =    0  per(accum) = 13.8
 T(local oper_env: renrm) = 7.304e-03 S  per = 83.5  per(accum) = 97.3
 T(local oper_env: save ) = 2.380e-04 S  per = 2.72  per(accum) = 100
Detailed decomposition of T(dvdsn) = 0.000e+00 S  T(sum) = -1.729e+09 S  per = -1.729e+31
 T(local oper_env: preprocess                  ) = -1.729e+09 S  per =  100  per(accum) = 100
 T(local oper_env: symbolic_formulae           ) = 0.000e+00 S  per =   -0  per(accum) = 100
 T(local oper_env: hintermediate init          ) = 0.000e+00 S  per =   -0  per(accum) = 100
 T(local oper_env: preprocess_hformulae_Hxlist ) = 0.000e+00 S  per =   -0  per(accum) = 100
 T(local oper_env: hmmtasks init               ) = 0.000e+00 S  per =   -0  per(accum) = 100
 T(local oper_env: initial guess for dvdson    ) = 0.000e+00 S  per =   -0  per(accum) = 100
 T(local oper_env: dvdson solver [Hx_batchGPU] ) = 0.000e+00 S  per =   -0  per(accum) = 100
 T(local oper_env: dvdson solver [comm(gpu)]   ) = 0.000e+00 S  per =   -0  per(accum) = 100
 T(local oper_env: dvdson solver [comm(cpu)]   ) = 0.000e+00 S  per =   -0  per(accum) = 100
 T(local oper_env: dvdson solver [rest part]   ) = 0.000e+00 S  per =   -0  per(accum) = 100
Detailed decomposition of T(renrm) = 7.304e-03 S  T(sum) = 7.304e-03 S  per = 1.000e+02
 T(local oper_env: before oper_renorm           ) = 1.100e-05 S  per = 0.151  per(accum) = 0.151
 T(local oper_env: qops init                    ) = 8.170e-04 S  per = 11.2  per(accum) = 11.3
 T(local oper_env: symbolic_formulae_renorm     ) = 1.678e-03 S  per =   23  per(accum) = 34.3
 T(local oper_env: allocate qops on gpu         ) = 1.000e-06 S  per = 0.0137  per(accum) = 34.3
 T(local oper_env: site memcpy cpu2gpu          ) = 0.000e+00 S  per =    0  per(accum) = 34.3
 T(local oper_env: rintermediate init           ) = 2.600e-05 S  per = 0.356  per(accum) = 34.7
 T(local oper_env: preprocess_formulae_Rlist2   ) = 3.858e-03 S  per = 52.8  per(accum) = 87.5
 T(local oper_env: rmmtasks init                ) = 0.000e+00 S  per =    0  per(accum) = 87.5
 T(local oper_env: qops memset on cpu           ) = 0.000e+00 S  per =    0  per(accum) = 87.5
 T(local oper_env: preprocess_renorm_batchGPU   ) = 5.210e-04 S  per = 7.13  per(accum) = 94.6
 T(local oper_env: reduction of opS & opH [nccl]) = 3.000e-06 S  per = 0.0411  per(accum) = 94.7
 T(local oper_env: qops memcpy gpu2cpu          ) = 0.000e+00 S  per =    0  per(accum) = 94.7
 T(local oper_env: deallocate cpu and gpu memory) = 1.000e-06 S  per = 0.0137  per(accum) = 94.7
 T(local oper_env: reduction of opS & opH [comm]) = 2.200e-05 S  per = 0.301  per(accum) = 95
 T(local oper_env: after oper_renorm            ) = 3.660e-04 S  per = 5.01  per(accum) = 100
##### sweep oper_env: 8.752e-03 S #####
 T(sweep oper_env: fetch) = 1.210e-03 S  per = 13.8  per(accum) = 13.8
 T(sweep oper_env: hdiag) = 0.000e+00 S  per =    0  per(accum) = 13.8
 T(sweep oper_env: dvdsn) = 0.000e+00 S  per =    0  per(accum) = 13.8
 T(sweep oper_env: decim) = 0.000e+00 S  per =    0  per(accum) = 13.8
 T(sweep oper_env: guess) = 0.000e+00 S  per =    0  per(accum) = 13.8
 T(sweep oper_env: renrm) = 7.304e-03 S  per = 83.5  per(accum) = 97.3
 T(sweep oper_env: save ) = 2.380e-04 S  per = 2.72  per(accum) = 100
Detailed decomposition of T(dvdsn) = 0.000e+00 S  T(sum) = -1.729e+09 S  per = -1.729e+31
 T(sweep oper_env: preprocess                  ) = -1.729e+09 S  per =  100  per(accum) = 100
 T(sweep oper_env: symbolic_formulae           ) = 0.000e+00 S  per =   -0  per(accum) = 100
 T(sweep oper_env: hintermediate init          ) = 0.000e+00 S  per =   -0  per(accum) = 100
 T(sweep oper_env: preprocess_hformulae_Hxlist ) = 0.000e+00 S  per =   -0  per(accum) = 100
 T(sweep oper_env: hmmtasks init               ) = 0.000e+00 S  per =   -0  per(accum) = 100
 T(sweep oper_env: initial guess for dvdson    ) = 0.000e+00 S  per =   -0  per(accum) = 100
 T(sweep oper_env: dvdson solver [Hx_batchGPU] ) = 0.000e+00 S  per =   -0  per(accum) = 100
 T(sweep oper_env: dvdson solver [comm(gpu)]   ) = 0.000e+00 S  per =   -0  per(accum) = 100
 T(sweep oper_env: dvdson solver [comm(cpu)]   ) = 0.000e+00 S  per =   -0  per(accum) = 100
 T(sweep oper_env: dvdson solver [rest part]   ) = 0.000e+00 S  per =   -0  per(accum) = 100
Detailed decomposition of T(renrm) = 7.304e-03 S  T(sum) = 7.304e-03 S  per = 1.000e+02
 T(sweep oper_env: before oper_renorm           ) = 1.100e-05 S  per = 0.151  per(accum) = 0.151
 T(sweep oper_env: qops init                    ) = 8.170e-04 S  per = 11.2  per(accum) = 11.3
 T(sweep oper_env: symbolic_formulae_renorm     ) = 1.678e-03 S  per =   23  per(accum) = 34.3
 T(sweep oper_env: allocate qops on gpu         ) = 1.000e-06 S  per = 0.0137  per(accum) = 34.3
 T(sweep oper_env: site memcpy cpu2gpu          ) = 0.000e+00 S  per =    0  per(accum) = 34.3
 T(sweep oper_env: rintermediate init           ) = 2.600e-05 S  per = 0.356  per(accum) = 34.7
 T(sweep oper_env: preprocess_formulae_Rlist2   ) = 3.858e-03 S  per = 52.8  per(accum) = 87.5
 T(sweep oper_env: rmmtasks init                ) = 0.000e+00 S  per =    0  per(accum) = 87.5
 T(sweep oper_env: qops memset on cpu           ) = 0.000e+00 S  per =    0  per(accum) = 87.5
 T(sweep oper_env: preprocess_renorm_batchGPU   ) = 5.210e-04 S  per = 7.13  per(accum) = 94.6
 T(sweep oper_env: reduction of opS & opH [nccl]) = 3.000e-06 S  per = 0.0411  per(accum) = 94.7
 T(sweep oper_env: qops memcpy gpu2cpu          ) = 0.000e+00 S  per =    0  per(accum) = 94.7
 T(sweep oper_env: deallocate cpu and gpu memory) = 1.000e-06 S  per = 0.0137  per(accum) = 94.7
 T(sweep oper_env: reduction of opS & opH [comm]) = 2.200e-05 S  per = 0.301  per(accum) = 95
 T(sweep oper_env: after oper_renorm            ) = 3.660e-04 S  per = 5.01  per(accum) = 100

idx=2 coord=(3,0)
 cqops: oplist=CABPQSH nops=C:2 A:1 B:3 P:45 Q:55 S:10 H:1 
        dim(bra,ket)=4,4 size(op)=4:3.05e-05MB size(tot)=208:0.00159MB:1.55e-06GB
 rqops: oplist=CABPQSH nops=C:4 A:6 B:10 P:28 Q:36 S:8 H:1 
        dim(bra,ket)=16,16 size(op)=36:0.000275MB size(tot)=1984:0.0151MB:1.48e-05GB
ctns::oper_renorm coord=(3,0) superblock=cr ifab=1 isym=2 ifkr=0 alg_renorm=4 mpisize=1 maxthreads=1
 qops: oplist=CABPQSH nops=C:6 A:15 B:21 P:15 Q:21 S:6 H:1 
        dim(bra,ket)=64,64 size(op)=400:0.00305MB size(tot)=23140:0.177MB:0.000172GB
CPUmem: VM:0.000e+00GB RSS:0.000e+00GB  Timing: User:4.802e-01S Sys:3.143e-02S Total:5.117e-01S
----- TIMING FOR symbolic_formulae_renorm with size=85 : 1.257e-03 S -----
rintermediates<ifab,Tm>::init_omp maxthreads=1
 no. of formulae=85
 no. of rintermediate operators=96
 size of rintermediate operators=2304:0.0176MB:1.72e-05GB
----- TIMING FOR rintermediates<ifab,Tm>::init_omp : 3.820e-04 S -----
----- TIMING FOR preprocess_formulae_Rlist2 : 0.00406 S size(rtasks)=85 size(Rlst2)=256 T(Rmu/Rlist)=0.00048,0.00358 -----
----- TIMING FOR preprocess_formulae_Rlist : 0.00454 S size(rtasks)=85 size(Rlst)=4584 -----
preprocess for renorm: size=23140 blksize=81 worktot=23302:0.178MB:0.000174GB
check ||H-H.dagger||=2.112e-15 coord=(3,0) rank=0
----- TIMING FOR oper_renorm : 0.0117 S rank=0 -----
##### local oper_env: 1.327e-02 S #####
 T(local oper_env: fetch) = 5.840e-04 S  per =  4.4  per(accum) = 4.4
 T(local oper_env: hdiag) = 0.000e+00 S  per =    0  per(accum) = 4.4
 T(local oper_env: dvdsn) = 0.000e+00 S  per =    0  per(accum) = 4.4
 T(local oper_env: decim) = 0.000e+00 S  per =    0  per(accum) = 4.4
 T(local oper_env: guess) = 0.000e+00 S  per =    0  per(accum) = 4.4
 T(local oper_env: renrm) = 1.242e-02 S  per = 93.6  per(accum) = 98
 T(local oper_env: save ) = 2.720e-04 S  per = 2.05  per(accum) = 100
Detailed decomposition of T(dvdsn) = 0.000e+00 S  T(sum) = -1.729e+09 S  per = -1.729e+31
 T(local oper_env: preprocess                  ) = -1.729e+09 S  per =  100  per(accum) = 100
 T(local oper_env: symbolic_formulae           ) = 0.000e+00 S  per =   -0  per(accum) = 100
 T(local oper_env: hintermediate init          ) = 0.000e+00 S  per =   -0  per(accum) = 100
 T(local oper_env: preprocess_hformulae_Hxlist ) = 0.000e+00 S  per =   -0  per(accum) = 100
 T(local oper_env: hmmtasks init               ) = 0.000e+00 S  per =   -0  per(accum) = 100
 T(local oper_env: initial guess for dvdson    ) = 0.000e+00 S  per =   -0  per(accum) = 100
 T(local oper_env: dvdson solver [Hx_batchGPU] ) = 0.000e+00 S  per =   -0  per(accum) = 100
 T(local oper_env: dvdson solver [comm(gpu)]   ) = 0.000e+00 S  per =   -0  per(accum) = 100
 T(local oper_env: dvdson solver [comm(cpu)]   ) = 0.000e+00 S  per =   -0  per(accum) = 100
 T(local oper_env: dvdson solver [rest part]   ) = 0.000e+00 S  per =   -0  per(accum) = 100
Detailed decomposition of T(renrm) = 1.242e-02 S  T(sum) = 1.242e-02 S  per = 1.000e+02
 T(local oper_env: before oper_renorm           ) = 5.000e-06 S  per = 0.0403  per(accum) = 0.0403
 T(local oper_env: qops init                    ) = 1.389e-03 S  per = 11.2  per(accum) = 11.2
 T(local oper_env: symbolic_formulae_renorm     ) = 1.263e-03 S  per = 10.2  per(accum) = 21.4
 T(local oper_env: allocate qops on gpu         ) = 0.000e+00 S  per =    0  per(accum) = 21.4
 T(local oper_env: site memcpy cpu2gpu          ) = 0.000e+00 S  per =    0  per(accum) = 21.4
 T(local oper_env: rintermediate init           ) = 3.860e-04 S  per = 3.11  per(accum) = 24.5
 T(local oper_env: preprocess_formulae_Rlist2   ) = 6.951e-03 S  per =   56  per(accum) = 80.5
 T(local oper_env: rmmtasks init                ) = 0.000e+00 S  per =    0  per(accum) = 80.5
 T(local oper_env: qops memset on cpu           ) = 0.000e+00 S  per =    0  per(accum) = 80.5
 T(local oper_env: preprocess_renorm_batchGPU   ) = 1.685e-03 S  per = 13.6  per(accum) = 94.1
 T(local oper_env: reduction of opS & opH [nccl]) = 1.000e-06 S  per = 0.00805  per(accum) = 94.1
 T(local oper_env: qops memcpy gpu2cpu          ) = 0.000e+00 S  per =    0  per(accum) = 94.1
 T(local oper_env: deallocate cpu and gpu memory) = 0.000e+00 S  per =    0  per(accum) = 94.1
