0.845606095202 0.129543400017 -0.341342077843 -0.00979814112034 0.105571092467 0.0277648805755 0.10593973583 -0.110983257509 -0.268546660645 0.0498880698492 0.146471433685 -0.0230988920907 -0.0114575206708 0.137423100249 -0.000199508255047 0.00195705646268 -0.00371711044526 -0.0162368323678 0.0141928218682 0.0020678467376 -4.3578836279e-05 -0.00120167328222 -0.00182444308928 -5.50522627908e-05 -3.48597278166e-05 1.38275106848e-05 -4.73025986078e-05 -2.6312584062e-06 -4.31474806749e-06 -2.15241920466e-06 5.65540031215e-08 5.70968460782e-06 2.67919946964e-09 -1.32883050944e-08 1.89018492209e-10 4.08992297577e-11 
-0.117472843682 -0.608473093548 -0.684681041579 0.222436861331 0.0164181413353 -0.100200158056 0.153716394039 0.192650067166 0.148183224688 -0.0156346984576 -0.0100934147071 0.0325122334196 -0.0448319100915 -0.0347908777719 -0.000818201624999 0.00248255172563 0.000742894808446 0.00551430561643 -0.0046109977941 -0.000655992447715 2.3043322488e-05 0.000390670312615 0.000597684952663 1.71826913998e-05 1.14594988357e-05 -4.59041130686e-06 1.54974953847e-05 8.59783629774e-07 1.3683060946e-06 6.78835494575e-07 -1.78359357067e-08 -1.79626197203e-06 -8.08346753638e-10 4.18542483814e-09 -6.12907250881e-11 -1.2404563699e-11 
0.0997492529725 -0.0698114027161 -0.00102876451803 -0.2180964895 -0.84719240886 -0.155008155865 0.107059688445 -0.100332054645 0.105816073276 0.250137789096 0.240585194369 -0.0232003074218 -0.0615148263069 -0.190548238721 0.0124072634689 0.0139670751641 0.00685039684214 0.0298268590063 -0.0268657101865 -0.00397297124946 6.39634651406e-05 0.00228665384461 0.00345920099049 0.000106682921971 6.59817817018e-05 -2.60536879955e-05 8.96839598829e-05 4.99484669931e-06 8.30085699588e-06 4.15069444314e-06 -1.09057647023e-07 -1.10228211327e-05 -5.26702338955e-09 2.56398092721e-08 -3.59879724078e-10 -8.0246232809e-11 
-0.075753612253 0.00529526522704 -0.0854842267966 -0.161195783805 -0.245506770997 -0.142738314208 -0.304858965587 0.252589348754 -0.081874912688 -0.00307805760781 -0.0959705544554 0.0539989155112 0.0281294861671 0.824065880704 -0.0309021125975 -0.0156087079291 -0.0274717156236 -0.111713538906 0.0997576389515 0.0147321521627 -0.000249389076391 -0.00846371166209 -0.0128319474082 -0.000392648802772 -0.000244955915656 9.69284718217e-05 -0.000332687764505 -1.85211560229e-05 -3.06365458759e-05 -1.53054174945e-05 4.02166423645e-07 4.06272098401e-05 1.92194559441e-08 -9.45221618829e-08 1.33685185697e-09 2.90498795e-10 
-0.0278008866509 0.0592364336642 -0.0813578371572 -0.0667451657828 -0.112195609052 -0.0210468600422 0.465303061653 -0.425648038252 0.0521684274561 0.0286631680168 -0.727209940164 -0.0681431731375 0.10174512617 0.152566176264 -0.0148066908732 -0.0263306129437 -0.00686883391126 -0.0357132537529 0.0316229796851 0.00463596064388 -0.000105111635729 -0.00269158794932 -0.00409305253458 -0.000122910436711 -7.82411876394e-05 3.10811994849e-05 -0.000106122017987 -5.90166020195e-06 -9.64791541542e-06 -4.80974916748e-06 1.26380191244e-07 1.27550916497e-05 5.94211842952e-09 -2.96889498919e-08 4.24565394285e-10 9.00336286779e-11 
-0.154109652654 -0.0766886385424 0.130180927019 0.00114429625909 0.179318141862 0.00583235419564 0.471759978036 -0.349165724505 0.247964368997 -0.0308773190544 0.571342346522 -0.0630623004736 -0.0488376717184 0.421060062814 0.00104969500205 0.00837528700688 -0.0109710796716 -0.0474317017722 0.0413965466479 0.00603669183094 -0.000125949632428 -0.00350236896464 -0.00531939783616 -0.000160425926551 -0.000101647394435 4.03307466171e-05 -0.000137916850555 -7.67164831648e-06 -1.25765451188e-05 -6.27331541049e-06 1.64832188161e-07 1.66403488409e-05 7.79538605964e-09 -3.87283386695e-08 5.51581627651e-10 1.1861898069e-10 
0.0717461289226 0.0433015336653 -0.0598971906685 -0.14904205214 -0.16771705993 -0.147387174668 -0.000680551998861 -0.0500306914047 0.072979640651 -0.947356860232 0.0413676801637 -0.028920115656 0.0538490693676 -0.078416226422 0.00261589941313 -0.0143623557543 0.00342197283459 0.0100656215917 -0.00913159793541 -0.00131094640153 1.75174359809e-05 0.000773627601682 0.00116282183904 3.61659837924e-05 2.21547921306e-05 -8.69863914744e-06 3.01471781818e-05 1.67956326861e-06 2.80696275491e-06 1.40609833497e-06 -3.69327495113e-08 -3.7364876416e-06 -1.83479989411e-09 8.68954540775e-09 -1.19324000564e-10 -2.94257708192e-11 
0.0137231011129 -0.0148959062288 0.00634022984792 0.111848926096 -0.219243374853 0.745428571738 0.116665313985 0.123889225804 0.00827088796569 -0.116208220355 -0.0118894085711 0.205892300243 -0.036116888612 0.0959378157283 0.0117278742843 0.025550537001 0.528197778623 0.00550067120063 0.0147161048722 -0.00654451203227 8.24694049743e-05 0.00464388508266 -0.0866414758134 0.00976988364163 -0.00532759071007 0.00178215047593 -0.00231885751803 -0.000152780708611 0.000431949629629 0.000158709107192 7.88039967281e-06 -0.000742397008044 -1.12892879093e-05 -3.19713004718e-06 -7.84446206388e-06 -1.30081389711e-06 
0.0375855969121 -0.00969063008359 -0.0413828051758 0.183643964092 -0.111717217958 0.366153629335 -0.236050082903 -0.234879113101 0.162544471494 -0.0808131577325 -0.0791294406752 3.74897489963e-05 -0.565163382585 0.0583317391164 -0.0215122039126 0.15088522439 -0.558745368965 -0.0165502498033 -0.00103107119802 0.00831616845278 6.54632607153e-06 -0.00600917934078 0.0874423284916 -0.0101143284135 0.00544678150009 -0.00182207995866 0.0023416715684 0.000154659126883 -0.000448996912903 -0.000165750211031 -8.03167490332e-06 0.000770184325275 1.16092008615e-05 3.26993205488e-06 8.06331813162e-06 1.33719590453e-06 
-0.0314823934997 0.175496708784 -0.0240835703229 0.00654588621089 -0.103581306002 0.297049862139 0.35903843031 0.436264455483 -0.0188881853934 -0.0180529181036 0.0651104379889 -0.0130767941114 0.420501594559 -0.0170336654212 -0.03236979487 -0.139189457436 -0.580748207223 -0.0176233132742 -0.00602368300648 0.00914085310637 -9.64813412284e-05 -0.00598563087478 0.0941312301096 -0.0108113200267 0.00584672907399 -0.00195373496651 0.00252047372887 0.000166434265844 -0.000479432533672 -0.000176562394185 -8.64602248804e-06 0.000822669773253 1.24476261349e-05 3.51496681873e-06 8.64847838144e-06 1.43411843067e-06 
0.0161238456028 -0.130104211082 -0.123695247877 0.115241834038 -0.0496613640659 0.221278610829 -0.465507945031 -0.452781135526 0.193037734671 0.0427434351422 0.0849529364177 -0.12942654434 0.618359440177 0.011585956009 -0.0029462391357 -0.183153380119 -0.0417791615175 -0.0119850393831 0.00516628389526 0.00207591806238 -0.000122169647447 -0.000990124785956 0.00742811964931 -0.000966861763451 0.000499142087516 -0.000164172966723 0.000199643481882 1.34674355786e-05 -4.36948409415e-05 -1.61635344914e-05 -7.51154005945e-07 7.41287079917e-05 1.10111986488e-06 3.08021173152e-07 7.65737141618e-07 1.26916039297e-07 
0.0104232681251 -0.0664788014839 0.0404068664152 -0.0498341445724 0.00851205126493 0.0424030824827 0.000715500782885 0.0184355244177 -0.0413282651151 -0.0072348097567 -0.0152719570374 -0.147985179802 -0.288353717287 -0.00426391238827 0.0252851306965 -0.935254265309 0.0371538869164 -0.0527372570324 -0.0325415824125 0.00547098858241 -0.000235301372122 0.00237214661369 0.038304012122 -0.00390022959814 0.0023327173003 -0.000741261237982 0.00102470657193 6.88389055314e-05 -0.000169894006692 -5.71767128463e-05 -3.8837048523e-06 0.000292081617777 4.99252493753e-06 1.5210031139e-06 3.51197001546e-06 5.81012224434e-07 
0.35517776125 -0.259728958158 0.206073258756 -0.46817508686 0.192691588638 0.078862894501 -0.0393743917681 0.219912778159 0.649901196127 0.0605598494178 -0.153744971823 0.0249466401599 0.0114245090121 -0.00209090763947 -0.00534279490052 0.0312498366253 -0.00468853316906 0.000188576070346 0.00331253671911 0.000131753009571 1.1027854209e-05 -0.000294902800555 -0.00146062514287 0.000108738607906 -7.76612891961e-05 2.46327226912e-05 -3.88511345074e-05 -2.54699238939e-06 4.42301189706e-06 1.3159251614e-06 1.34325369195e-07 -7.85658326318e-06 -1.55572521054e-07 -5.0718065192e-08 -1.10160298887e-07 -1.82093027389e-08 
0.0374043444078 0.590224156127 -0.213747003126 0.402994106717 -0.0438984578019 -0.211503451889 -0.0213594940698 0.109201406201 0.570174506655 0.0531822247093 -0.000666224131582 0.149619702154 -0.0337225349726 0.0154293806756 -0.000809732394293 -0.114211385446 0.134488122555 -0.00189811357992 -0.00231433245705 -0.00110877210037 2.20599474876e-05 0.00158289699391 -0.0162357675406 0.00191595424498 -0.0010119663932 0.000342827715522 -0.000434799304291 -2.8564177773e-05 8.52598920251e-05 3.20131726697e-05 1.44613528872e-06 -0.000146301054007 -2.14942945395e-06 -5.94337832953e-07 -1.48825530582e-06 -2.46958103639e-07 
0.306095541263 -0.336254292201 0.513878976545 0.63749526685 -0.156267603478 -0.176989673729 0.0680884657658 0.118616749642 0.0109291377912 -0.0811962078083 -0.108353572655 -0.101051142482 0.0865734651658 0.106710666679 -0.000449508845126 -0.000824031462043 -0.0115164225584 -0.0187878265173 0.0165208826741 0.00236009454044 -7.4783429021e-05 -0.00146286606692 -0.00157340233963 -0.000126815174386 -6.98098155217e-06 4.57155633717e-06 -4.03389979071e-05 -2.10300876571e-06 -7.79449564988e-06 -3.54877238389e-06 1.85941568354e-08 1.14264994262e-05 7.34047539787e-08 3.90578788963e-09 4.87497573834e-08 8.10549652698e-09 
-0.0398265874598 0.124337223719 -0.093500251528 0.0130402647935 -0.0202925315396 0.107589527074 -0.0101289747961 0.174797299085 0.0712866489482 0.00989400034324 -0.00812521014297 -0.931187109538 -0.0714514864005 0.0191899048328 0.0597300864872 0.166420130079 0.14460299925 -0.0117081658055 0.0189113498495 -0.00159831824255 -0.000260400445655 7.06491567478e-05 -0.0297397055709 0.00311903033545 -0.00176533735812 0.000588650572869 -0.000794711531641 -5.20694498363e-05 0.000136310557646 4.92642921859e-05 2.64700278374e-06 -0.000235527830502 -3.68560648169e-06 -1.0627958201e-06 -2.56639321767e-06 -4.25412760975e-07 
7.35391801972e-06 -0.000498121316099 -0.000689444611935 -0.00101381862542 0.000266215656032 -0.000489013842426 5.67734095136e-06 -9.61160027025e-05 0.000528296416158 -0.000665208932263 0.00276876047177 0.0506530016837 0.0154578907042 -0.0791789881122 0.581758161485 0.0565671390325 0.0213640172959 -0.757454516291 -0.0331138123901 0.192811910386 -0.0630071742136 0.032111160014 0.176678297867 -0.0181582605147 0.0125955889351 -0.0023688036451 0.000958718732227 0.00252632373087 -0.000276666699405 -0.000385807178141 -0.000349687325496 0.000696059195747 -0.00746582724962 0.00154952245393 0.00535454619443 -0.00112056726346 
5.16884295439e-05 -0.000136005792239 0.000155226519947 -0.000125489352166 7.4332132273e-05 -0.000219167428282 1.40585047996e-05 -5.66298289177e-05 -0.000145675962601 -0.000399436341282 -0.000520506114385 0.0255275663567 -0.00295328009601 -0.0337472765974 0.412475472232 -0.0275398495575 0.00739436992983 0.335127098975 0.788673304456 -0.0178732927071 0.0140711982518 -0.152906020111 0.25743351491 -0.0462984475299 0.0195628355124 -0.00580089638704 0.001483285279 0.00356058791662 -0.00146638419437 -0.00117927419165 -0.000483342508332 0.00282555272329 -0.010643419829 0.00220718542011 0.00763704032534 -0.00159675525159 
0.000139838337118 -0.000130340732396 0.000788817118269 0.000393874497708 0.000159351658719 4.80348206186e-05 2.15541212143e-05 -0.000290173089001 -0.000658786494057 0.000740623912138 0.0283633849961 -0.0146181813755 -0.0213573236573 -0.158894111829 -0.563855825154 -0.00940746655496 -0.00700034682931 -0.492162981219 0.579309094933 0.0683178812775 0.0146972604032 -0.0392272910898 -0.265021309152 0.0203344408654 -0.0141186594868 0.00372017196366 -0.00346507681848 -0.00249921666081 0.000353473198438 0.000440677134785 0.00032639859386 -0.000909949284342 0.00700462202744 -0.00145384621848 -0.00502467426777 0.00105114026243 
8.17268539341e-05 -0.000331415719094 9.94398421488e-05 0.000100905967953 -0.000100228161872 4.02789217513e-05 2.172810192e-05 2.94632750606e-05 -1.28817996652e-05 0.000508475366932 0.00500514278762 -0.0220890670848 0.00396839914477 0.00187847072585 -0.404268862351 0.0410688165573 0.166245362873 -0.0739904905014 -0.0591048373761 0.0835340628807 0.00644686641149 -0.0476253104086 0.879168992531 -0.101753130088 0.0569920459687 -0.0143877339274 0.00779616609353 0.0105458363922 -0.002493432869 -0.00239570584166 -0.00142206563192 0.0052864790326 -0.0307406835242 0.00637972955782 0.0220546669729 -0.00461216016688 
1.25257685395e-06 4.49357448446e-06 1.55666344615e-05 1.7528483766e-05 -3.73492378341e-06 9.08793516918e-06 1.56267261502e-07 -7.13347978267e-07 -1.19856565296e-05 9.69962787755e-06 5.32740346604e-06 -0.000733116338414 -0.000303556060196 0.000810478191941 -0.00824481929812 -0.000913612117018 0.000281607959033 0.0187198785204 0.00562879576871 0.0486687935648 -0.158339291121 0.0215971563194 0.0126634050666 -0.0118590782277 0.138658986367 0.0396654172549 -0.803324111783 -0.219022206758 -0.0849476722926 0.206138066555 -0.00277055008739 -0.0838010418942 0.345668893666 0.171689318058 -0.217703848054 -0.0643568028752 
2.25628649606e-06 -1.50920654913e-05 -6.05953460224e-06 -8.4596007289e-06 -1.69306091687e-06 -4.59964451736e-06 7.39468788896e-07 1.68165802398e-06 6.8372188334e-06 2.08826603617e-06 -3.05417768411e-05 9.84996281762e-06 0.000372617604398 0.000320581150123 -0.000846852079262 0.00167544977418 0.00579998872444 -0.00375403789003 -0.0180629609212 0.0240646991923 -0.00407728973814 -0.135622196587 0.0129398082346 -0.00753142057337 0.00336746958757 -0.116452354657 0.259675459698 -0.60118351066 -0.182866847312 -0.178528254957 0.0766002681912 0.000870582515231 0.344148853863 -0.389821096198 -0.325914439144 0.300305482234 
2.95890886104e-06 -6.56225798252e-06 1.15566052129e-05 1.2619773632e-05 -5.59403729704e-06 7.16444569658e-06 6.9144284468e-07 5.16864226765e-07 -7.14085297051e-06 9.68806112658e-06 -8.50542462183e-05 -0.000702224207291 -9.61981632499e-06 0.00131568939524 -0.00606951914623 0.000143175714822 0.00455349389739 0.0245730689878 0.00706623490803 0.103776004924 -0.0702481248503 0.024227942774 0.0234219085043 0.0295853753841 -0.115677907651 -0.00886199410979 0.352165786641 0.394070020778 0.14848183769 0.202177121461 -0.0396147606869 0.0929881240283 0.640963672269 0.199335961955 -0.368550753805 -0.171061278812 
1.15360809239e-07 5.78304759181e-07 1.67327005885e-06 1.79249890018e-06 -3.11380996101e-07 5.52667432768e-07 1.28051945883e-08 -7.73779846904e-08 -1.3211562579e-06 -9.75369269189e-08 -1.35836072886e-05 -1.96176752571e-08 -3.21323687358e-05 3.31798702535e-05 0.00104479063031 -0.000317842591885 -0.000195557629846 0.00754896855203 0.0256796524674 -0.00934191646633 0.00759027471252 0.187008380663 -0.00669218492345 -0.0687446516496 0.045879167602 -0.118134674382 0.313747217216 -0.54496393774 -0.128137221656 0.265449683592 0.00537525550548 0.0678505094795 -0.107360567614 0.619811078401 0.0765417725652 -0.234190139132 
-2.75949037083e-07 -2.68380063275e-06 -6.01339392123e-06 -8.53899801616e-06 2.10921388128e-06 -6.07906516787e-06 3.25692121246e-08 3.75288768721e-07 4.49266856523e-06 -1.9595466324e-06 8.43303182909e-05 0.000279372290814 9.30809995639e-05 -0.000682614266692 -1.7685262087e-05 0.000436686942391 0.000242515716223 -0.0154044556289 0.0089092000147 -0.0898279115361 -0.0751865901107 0.0181076981856 0.0679477068104 -0.0253738333775 -0.965278635308 -0.121759540505 -0.146584887183 -0.0969050846822 0.0132766385417 -0.0106961728334 0.00808603528617 -0.0231336897269 -0.0306279060701 0.0299536880968 0.0121732994062 -0.00558273301708 
-8.82510548346e-09 7.13139106479e-06 1.08511723986e-05 2.04077443789e-05 -6.01333606555e-06 1.8788988457e-05 -2.99234530998e-07 -9.20690545937e-07 -7.64318474922e-06 -3.35249221048e-06 -0.000449126815422 -0.000462756922886 -7.91189044593e-05 0.00250308370343 0.0105621882723 -0.00113417367274 -0.00110732270912 0.0510103281615 -0.0224647486567 0.388334347747 0.561143399467 -0.0438089428728 -0.0169749785709 0.127156006008 -0.0530916747118 -0.0990372690903 -0.0724118903436 0.0527096747708 -0.0926330419815 -0.297326365869 0.452135672897 -0.23799613626 0.200122475066 0.248139033244 0.177746918106 0.0281689726426 
3.90322855806e-06 2.36317336332e-05 6.26533243296e-05 7.09648896809e-05 -1.3575869492e-05 3.67212606997e-05 3.02326333688e-07 -3.45925992005e-06 -4.91904506791e-05 3.74476244914e-05 5.88652533612e-05 -0.00286976073631 -0.00133723980683 0.0029292023796 -0.0329839436111 -0.00412245106708 -0.00125093709951 0.0692978881399 0.0189940564566 0.171081962621 -0.647538893451 0.0635825104449 -0.0281594094366 -0.04621852243 0.0401290923677 0.0274222902172 0.00367605884312 -0.00182721675246 0.134250060553 -0.442397349788 0.467183242543 0.278570801625 -0.0162254751239 0.150226656063 0.0558000363508 -0.0154888987113 
-4.64716331414e-06 -3.84402665437e-05 -9.03612487836e-05 -0.000113998568908 2.4834055582e-05 -7.07871678739e-05 6.84172136311e-08 5.4500029316e-06 6.9686190555e-05 -3.98797670449e-05 0.000574347581891 0.00408821571822 0.00170971047874 -0.0070863532986 0.024175738258 0.0065520977042 0.00308671842209 -0.156060574399 0.00919015553106 -0.7612218991 -0.0328648764784 -0.0172298285873 0.0601792544146 -0.100517262655 0.0539619800672 0.138670040013 0.0582712685666 0.115570127875 -0.252299101035 -0.214913317844 0.262211384598 -0.332396940026 0.150271949699 0.16247028612 -0.0228477121931 -0.0530456326492 
4.10694448475e-06 2.8392277598e-05 7.13179543835e-05 8.47328230005e-05 -1.72424541546e-05 4.78677582262e-05 1.72153391727e-07 -4.0953618978e-06 -5.55684864355e-05 3.77140201871e-05 -0.000159318817267 -0.00324597344137 -0.00144747427555 0.0043141314795 -0.0294922815626 -0.00491098659359 -0.00186390214211 0.0981638516698 0.0107781726912 0.369618130716 -0.405552459391 0.0506727968094 -0.0342506197115 -0.0202804392382 -0.0444438172975 0.109823163689 0.159813224004 0.100135197987 -0.418584788537 0.0841361295395 -0.137379088471 -0.651038860073 -0.0517732210224 -0.0418597605904 0.0702699348856 0.00924777298742 
-2.90717417934e-09 1.97094455747e-06 2.99779899179e-06 5.70996783166e-06 -1.68429332515e-06 5.44300566906e-06 -8.38902480771e-08 -2.61132610068e-07 -2.10002786443e-06 1.11786879431e-07 -0.000107506292101 -0.000189199708332 -2.53174828261e-05 0.000702769815593 0.00130095191473 -0.000131913272959 -0.000178123347504 0.00927217391094 -0.0287123853105 0.116458583017 0.128715604453 -0.158698382013 -0.0127244819112 -0.143866314293 -0.130356050935 0.928727145087 0.0519644532123 -0.160246254909 0.0550407247537 -0.00973669697209 0.00471397271952 0.0889774360859 0.0109682819898 0.0523175740357 -0.0189215868348 -0.0269722691914 
-1.58520796723e-07 -1.56423479446e-06 -3.49534762818e-06 -4.97580464405e-06 1.15129944118e-06 -3.05776865095e-06 2.01258356881e-08 2.07214858482e-07 2.60985935778e-06 -2.52257416852e-07 5.90586337841e-05 8.1259472038e-05 5.20903348529e-05 -0.000304531525734 -0.0020676601996 0.000449873794178 0.000376203598295 -0.0145155554738 -0.0156424720285 -0.0395049286044 -0.0644964189755 -0.200942483037 0.0604863563273 0.623366784198 -0.0063168877803 0.0575556695543 -0.0191720670279 0.000284361827092 -0.151068255212 -0.398522044692 -0.47457100883 0.101361754024 -0.00749935568466 0.343013974858 -0.0692087392581 0.133561452553 
3.79806419318e-07 3.09007723275e-06 7.31913006171e-06 9.19307784285e-06 -1.97497592819e-06 4.70389270819e-06 -5.29673933907e-09 -4.04368302505e-07 -5.64342990045e-06 -1.34079517138e-06 -0.000123830267763 -4.5168829777e-05 -0.000119281773026 0.00050072797368 0.00587702554283 -0.00132288042932 -0.000894388118164 0.035160011561 0.0918938710624 0.0260454497706 0.123644055493 0.680126097379 0.0181877434469 -0.282344297602 0.0199462346348 0.0435098980742 -0.0337711758878 -0.0620371161276 0.211317200794 -0.455136081381 -0.370812946606 -0.139572366674 0.103890512169 0.0118406857088 -0.0685018382493 0.00161085351888 
-1.58679665503e-07 1.67608054632e-07 -7.91684768601e-07 9.35817686555e-07 -5.66116067774e-07 2.53963853834e-06 -6.94218497868e-08 -2.59544755605e-08 8.55016160208e-07 1.67520288061e-06 -1.95984983694e-05 -0.00016341038744 3.37993830626e-05 0.000302050416401 -0.00197700027999 0.000600532584201 0.000241059033188 -0.00879964373474 -0.0838233892727 0.0928169400789 0.0417954408544 -0.456883742539 -0.124589011934 -0.649215537353 0.00473883602098 -0.191574812004 -0.0493486518396 0.110956754628 -0.269564437472 -0.250745178402 -0.288939500002 0.176961451182 0.0306661494811 0.156666978309 0.0129791554351 -0.0965449949782 
2.2508965558e-07 2.13770741538e-06 4.80024500595e-06 6.22326792995e-06 -1.40058285442e-06 3.50357754632e-06 -1.39587723094e-08 -2.79056070902e-07 -3.68718395486e-06 -1.10595865006e-06 -9.36382098873e-05 -3.9927561556e-05 -7.48778171704e-05 0.000404982315145 0.00398805996795 -0.000857552794563 -0.000575203528238 0.0231193800274 0.0577658621146 0.0286907127163 0.0956851706181 0.411181304934 0.0311159734564 0.0379703494118 -0.0512384976207 0.0938831904069 -0.0428924459133 0.193652560091 -0.709294665765 0.0686154984961 0.0886628541955 0.480667002634 0.00157446168465 -0.110356542677 -0.020323609893 0.0675953889898 
1.78125382827e-08 1.63474740484e-06 2.62125968261e-06 4.68406235373e-06 -1.34377460692e-06 4.18356229366e-06 -6.18425214277e-08 -2.13621597315e-07 -1.87360970928e-06 -4.71592498447e-07 -9.40594841197e-05 -0.000116434633896 -2.39256507381e-05 0.000547788639582 0.00196476327067 -0.000252407382965 -0.000231549845667 0.010859708693 -0.00562932039802 0.0835645922397 0.1141268362 -0.0183087387246 -0.00219172858348 0.047128702451 -0.00492771778258 -0.025071637361 -0.0228535815242 0.0387949489159 -0.0503074684786 -0.13580805202 0.14484138518 -0.0920005252464 -0.463782478012 -0.0251488337117 -0.748124852563 -0.38569616468 
-3.68011733197e-08 -3.37096739292e-07 -7.73254663438e-07 -1.10855048836e-06 2.52930952433e-07 -6.69142364595e-07 4.10813207739e-09 4.49066330206e-08 5.74475462656e-07 -1.35905616044e-07 1.14570092421e-05 2.01461251306e-05 1.16941584199e-05 -6.1449259051e-05 -0.000394463223254 9.01816203483e-05 8.14002960946e-05 -0.00305709535957 -0.00214706819189 -0.00878768401926 -0.0125162223825 -0.0415001875706 0.019038516569 0.192372943215 0.00186850770133 0.000105565575533 -0.000386963400868 -0.147624907654 -0.0801202958687 -0.157162733638 -0.0841171200101 0.0455709673281 0.212206174045 -0.351472659524 0.306054730385 -0.797720105318 
