-0.880574357632 0.344212163602 0.263230232886 0.136932600891 0.0611870861281 -0.0994179322154 -0.0102633714172 0.0637160761478 -0.0157111740621 0.00301365802309 0.0023851523514 -0.000199196664316 0.00113339393335 0.00110265727607 0.00159479313397 -0.00254157356689 -0.000143456864105 -0.000144867407735 -0.000150207882566 0.00012340187839 
0.367637224625 0.871971170714 0.240527616962 -0.172952526082 -0.0483940772153 0.111244020838 0.0203441458967 -0.0207343459184 0.0332846024775 0.00811395687626 -0.000929687517793 0.000493811966379 0.000899918345242 0.000472326001739 0.00154147496918 -0.00193680044368 -0.000128346783413 -0.000110824257979 -0.000100940483958 0.000114030026214 
-0.0766265624672 0.219915527674 -0.591102410826 -0.0290871394941 -0.0695088729787 -0.0926130857784 0.285635581618 0.0591317762347 -0.697389594084 -0.101257684867 0.00683838778135 -0.00862837840805 -0.00482980992783 0.000920714271397 -0.0100431404605 0.0130651025632 0.000804059654243 0.00053152009274 0.000627542609402 -0.000923571680219 
0.078221050555 -0.196367836066 0.556836956302 -0.207462418234 0.118319031687 0.0928514986761 -0.329713792179 0.104625687116 -0.669099148414 -0.10684620471 -0.0116547803189 -0.0109361701167 0.00738871503193 0.0107898169359 0.0090629120941 -0.0176954821177 -0.00074882932928 -0.0012258829177 -0.000594067709007 0.000815070001865 
0.164209129036 -0.0546757056606 0.378014152438 0.653590511753 -0.247292225275 -0.104682858041 0.455296470381 -0.293712739521 -0.177567512603 -0.0306529876973 -0.0152100084717 -0.000262735667071 -0.0117591326629 -0.00799218537878 -0.0187467951725 0.032114067447 0.00156091930067 0.00153986676593 0.00158313248724 -0.00179317602029 
0.0315729451041 0.153034652351 -0.262113667927 0.513799379262 0.172252339624 0.213127412719 -0.644979019888 -0.373767707323 -0.094604687631 -0.0165980492025 -0.00309730491605 -0.00457506456153 0.0160249898375 0.0148847274927 0.0238846120311 -0.042109971538 -0.00197699367954 -0.00232112616851 -0.00179523079519 0.00225922954677 
-0.0877848222121 -0.0317447654598 0.0302188044282 -0.421723345062 0.162958242412 -0.275014707937 0.0827248085047 -0.838168038706 -0.0249026580297 -0.00483700630538 -0.0165530959769 -0.000360916659802 0.00223274367107 0.00267159200168 0.00342448842405 -0.00479432110763 -0.00025746805791 -0.00039583137696 -6.89254638068e-05 0.000261497053049 
0.144840964311 0.0714300290566 -0.00115788890508 0.0829700264353 -0.162849552726 -0.886292858302 -0.345496504268 0.164050633418 0.0117489367548 -0.00101453436073 0.0313945384719 -0.00780257798833 -0.0416220574468 -0.0396922459027 -0.0610103027531 -0.0208289085229 0.00598854067337 0.00338757003435 0.00372803592571 0.00269381472066 
0.143912065134 0.0406226331286 0.0236953740045 0.177315657098 0.904723970444 -0.194627535792 0.23468251003 0.158550521067 0.0141143925042 -0.003405486537 -0.0323559226249 0.0078003711059 0.0419955407402 0.0397411441946 0.0616237250322 0.0220999410898 -0.00605500734134 -0.00338625504959 -0.00375016214081 -0.00277203943196 
0.00109109465823 -0.000625274377292 -0.00739227068176 -0.00115848876714 -0.0169768902674 -0.0121252664957 -0.0183295234837 0.0100912362947 -0.112677617279 0.752610370015 -0.635573138797 0.107306691688 -0.00951591456708 -0.0158325235253 -0.0247232688845 0.0586872717904 0.00163167950078 -0.000421314477438 0.00912889190891 1.42246905621e-05 
-0.0081518170882 0.00841816289526 -0.0156293802353 -0.0060268093974 -0.025746347099 -0.00906955640066 -0.0163116520329 0.0144069009913 0.101596709894 -0.622933313174 -0.762938893226 -0.10464046001 -0.0235474864874 -0.0120631413194 -0.0343509494247 0.0703950690959 0.00416140491012 -0.00184561465084 0.0105094210179 -0.00187326979836 
0.00365308998 -0.00335999567851 0.00188748946639 0.00145925096332 -0.0633192688527 -0.0424476804755 0.0368439253848 0.0136939805828 0.00573228103735 -0.00575626346721 -0.0925907705264 0.0370684658734 0.316237666816 0.513944973761 0.258884157169 -0.702957064028 -0.0302922816023 -0.109112204578 -0.00973180025064 0.210635420397 
-0.00134006567639 0.00216341841918 -0.00170813559825 -0.0045707674592 -0.0145178772039 -0.00835547959093 -0.0345630274113 -0.00400568003871 0.00529578187808 0.00262506504781 0.047648703219 0.0120481449595 0.0643508910582 0.749300030691 -0.338527950454 0.517756296387 0.00116850436937 -0.071423631882 0.0374659570764 0.203118838826 
-0.000349055037291 0.00039509874189 -0.000247547578599 -0.000272054719989 0.00149385770676 0.001207167346 -0.00332362914234 -0.000982393567204 0.00133064795255 -0.0310125415752 0.00603825446764 0.158485417937 0.821341372339 -0.336403248811 -0.381529418734 0.054164685078 0.000974342980428 -0.121256943438 0.014506210154 0.150613139244 
0.000386187488556 0.00105577659954 -0.00157261793246 -0.00455334932606 -0.0613842328567 -0.0391997354202 -0.0265231296573 0.0014243287183 -0.00286161918818 0.0237289774437 0.00776304579002 -0.184356542816 0.203997580361 -0.048682328038 0.60227020015 0.371871651418 -0.473200989555 -0.428733283012 -0.0735740296646 0.0346278121077 
-1.37284400474e-05 -0.00101880419406 0.00137795761553 0.00341170006214 0.0444030587674 0.0281033422601 0.0186881616194 -0.00152758401143 -0.00269660438334 0.0411897641013 0.00859029064252 -0.249357843882 -0.266410931052 -0.100499700617 -0.31084493386 -0.175561883923 0.199428671755 -0.81963648419 0.021845472212 0.111089645248 
-0.000677546169953 0.00146768344489 -0.00161869330904 -0.00284645910485 -0.0290889594149 -0.0178727533643 -0.017925194123 0.000321508510464 0.00530866629987 -0.102122368097 0.000443741674219 0.672699263321 -0.0195738561708 -0.00203799935016 0.3587788185 0.172598833707 0.51270511347 -0.248764624055 0.227678892261 -0.00548205273536 
-0.000796308963372 0.000381305588322 -0.000117236336446 0.00105466647752 0.0214315657257 0.0142226032756 0.00488086732477 -0.000884600737358 0.00572691807291 -0.0939802885432 -0.00981708506376 0.633725115287 -0.247985542749 -0.00695675327336 -0.244744581021 -0.12544712506 -0.596194173047 -0.148933430747 -0.271542009798 -0.0140380432046 
0.000296551792559 0.00012799724721 -0.000310678031688 -0.0014190340745 -0.0209455154298 -0.0134724792227 -0.00591606776471 0.00130213473979 0.00148298830419 0.00355497368291 -0.0108206372517 -0.0161238214909 0.18616492899 0.173338505702 -0.0141864568965 0.0171904052701 0.231278748225 -0.131794558954 -0.609804903204 -0.700733114536 
0.000147712391526 -0.000177244962289 0.000157758186152 5.01400342852e-05 -0.00093080381387 -0.000683362088464 0.00199072986433 0.000603680174413 0.0015040897353 0.00103472751004 0.00260535061132 -0.0017706463675 0.0866185480072 0.121291551141 -0.119177248637 -0.0852591517897 -0.251962389229 -0.10584271417 0.703375988004 -0.621987735843 
